10
0.60



         96167740070
         90901187292
        144098750901
        100858633155
        118336648863
         96559150835
        418597605135
        292279854599
        161831506495
        251832772338



                   0              369922              545037              192699              200935              176508              567702              170805              188311              163857
              257936                   0              249978              265762              182892              231687              381618              204121              124827              165975
              668125              393153                   0              224085              242028              205144              705582              202420              229996              194240
              173291              331196              187611                   0              163616              229295              401610              231462              114204              186702
              174854              251370              211827              190930                   0              183063              734097              200876              238895              194343
              116071              184419              121683              161154              111170                   0              371668              218289               95563              180663
              823726              775351              904492              677919              950579              726356                   0              988266             1100066             1103684
              351431              417345              362994              484152              357110              575781             1733731                   0              412263              918253
              121962              118995              153452              102390              189358              111586              678751              150642                   0              203725
              217176              249639              228069              277902              230836              328916             1090983              508465              302472                   0



                   0               19961               15695               23247               23046               30371               31577               32743               35819               36032
               19961                   0               20191               12595               24553               18813               29874               25425               38247               30557
               15695               20191                   0               13742                7366               18671               15890               18296               20875               20739
               23247               12595               13742                   0               14466                7400               17776               12874               26799               17962
               23046               24553                7366               14466                   0               16356                8627               13047               14115               14158
               30371               18813               18671                7400               16356                   0               15746                7942               25355               13245
               31577               29874               15890               17776                8627               15746                   0                8784                9609                6701
               32743               25425               18296               12874               13047                7942                8784                   0               18158                5353
               35819               38247               20875               26799               14115               25355                9609               18158                   0               14475
               36032               30557               20739               17962               14158               13245                6701                5353               14475                   0



