20
0.6



         34676380146
        134176135033
         67377563994
         67975178366
         68587396243
        136432420260
         80127754802
         57654056256
         78462915613
         78469299702
         56993940863
         69213523881
        126514707485
        610170827460
        274084288966
        142360515132
         97842211688
        109627144759
        182891243047
        161581078883


                  0               98016               50281               31053               57656               56865               24817               21065               23854               23877               23952               19604               29286               89778               21168               23878               22210               22961               21457               19314
              212420                   0              184624              103963              218161              212354               81253               65562               76169               77034               77243               55708               98370              350266               50025               75732               69880               73259               65039               58046
               57631               99094                   0               86658               62063               76684               68706               51330               33055               54592               63865               41458               41371              151468               38808               55267               30622               32962               35025               43058
               38201               63008               98078                   0               44173               67056               84170               61555               31405               63839               77831               48532               39168              149610               44803               65241               29170               32071               36895               50996
               67294              117285               62644               40298                   0               70512               31319               29616               47365               36157               30607               28680               60218              196539               28145               37149               43591               44462               36718               28749
              172064              311481              173790              116421              181448                   0               90892               72256               75530               82974               85241               60613               97227              351597               54380               82743               69202               72740               65717               63056
               41662               69819              110957              119914               48160               74332                   0               68289               33512               70976               87358               52981               41906              169042               47928               71967               30699               34074               39202               55025
               24380               37428               49263               51060               28457               36661               39737                   0               23577               35549               39564               49391               29101              161559               44716               66850               21786               27644               41263               51210
               31136               49940               40667               35421               61671               44510               27786               35945                   0               48107               28265               39845              114038              367759               37185               53086               80716               81241               60689               40933
               35528               58249               85082               90199               45386               60259               70251               56946               40148                   0               66057               48895               50657              201642               44292               66312               36845               40093               42295               50425
               22191               33401               53555               57804               24131               36317               44311               34017               18136               34232                   0               28271               22086               85689               27604               36851               16754               18441               21619               27727
               24258               36219               37293               35765               29502               31732               27511               55314               27222               31579               30725                   0               33711              230180               60215               93617               25213               35153               59637               71679
               44837               75013               59911               51547               93298               65629               39552               52580              134953               71664               40313               58195                   0              574926               51982               79218              123490              124267               91489               60224
              249188              454686              357641              306251              397065              348498              242033              343753              426771              317190              244487              383359              561851                   0              315791              541274              389816              462491              536595              415374
              100347              174814              167830              157117              141381              144422              123328              254258              135309              147588              135041              312781              175558             1208882                   0              439721              123889              212127              408692              337415
               29706               46563               47304               45091               37318               39872               34560               72005               34060               40151               38662               89295               42651              306639               76800                   0               31361               44885               77739               94406
               24719               38067               31711               28002               46865               34431               21900               27863               66377               36693               22432               30879               85350              272884               29898               40319                   0               61228               46107               31190
               23499               35675               31201               28080               40249               31906               21740               30885               53290               32997               22765               35508               68067              252448               33448               46975               48976                   0               90437               35990
               41695               69000               63162               57878               62786               57631               44647               81887               69036               58122               48174               98708               88585              495497               84470              136941               63266              132491                   0              104732
               40161               66319               66069               62529               52300               55350               48141              103225               47176               56501               53794              128238               59666              447233              107898              179155               43265               63448              111717                   0




                   0               11573               18163               36817               15640               17506               22977               32193               20952               25387               29774               36858               26751               32128               32804               37925               32953               34220               35513               37877
               11573                   0               10075               26434               20170               15388               18942               26082               25120               24313               26951               31700               30086               33114               32450               34167               39186               36810               35922               37001
               18163               10075                   0               19050               18041                9062               10002               16019               21546               16665               17959               21718               25096               26051               24542               24508               35919               30649               28293               28551
               36817               26434               19050                   0               35430               25402               21685               16710               37344               28039               25187               21074               38771               36106               32963               25973               50490               41666               36607               34468
               15640               20170               18041               35430                   0               10028               14688               24010                5366               12589               17956               26671               11114               16931               18341               26004               19019               18583               20455               23456
               17506               15388                9062               25402               10028                   0                5700               15371               12646                8954               12422               19463               16055               17818               17078               20454               26912               21947               20537               21748
               22977               18942               10002               21685               14688                5700                   0                9701               15721                7201                8056               13881               17329               16538               14643               15410               28953               21585               18454               18549
               32193               26082               16019               16710               24010               15371                9701                   0               23932               13082                8882                5995               23694               19746               16389               10097               35284               25348               19941               17808
               20952               25120               21546               37344                5366               12646               15721               23932                   0               11091               16400               25395                5843               12471               14625               23771               14437               13354               16045               19558
               25387               24313               16665               28039               12589                8954                7201               13082               11091                   0                5429               14370               10804                9416                8138               13425               22528               14384               11718               12831
               29774               26951               17959               25187               17956               12422                8056                8882               16400                5429                   0                8994               15106               10938                7858                8252               26522               16527               11651               10760
               36858               31700               21718               21074               26671               19463               13881                5995               25395               14370                8994                   0               23738               18141               14399                4937               34705               23551               17273               14102
               26751               30086               25096               38771               11114               16055               17329               23694                5843               10804               15106               23738                   0                7600               10679               21087               11729                7511               11024               15043
               32128               33114               26051               36106               16931               17818               16538               19746               12471                9416               10938               18141                7600                   0                3778               14578               16764                5602                3574                7450
               32804               32450               24542               32963               18341               17078               14643               16389               14625                8138                7858               14399               10679                3778                   0               10817               20531                9178                3860                5128
               37925               34167               24508               25973               26004               20454               15410               10097               23771               13425                8252                4937               21087               14578               10817                   0               31342               19656               13060                9438
               32953               39186               35919               50490               19019               26912               28953               35284               14437               22528               26522               34705               11729               16764               20531               31342                   0               12207               18900               23301
               34220               36810               30649               41666               18583               21947               21585               25348               13354               14384               16527               23551                7511                5602                9178               19656               12207                   0                6769               11122
               35513               35922               28293               36607               20455               20537               18454               19941               16045               11718               11651               17273               11024                3574                3860               13060               18900                6769                   0                4421
               37877               37001               28551               34468               23456               21748               18549               17808               19558               12831               10760               14102               15043                7450                5128                9438               23301               11122                4421                   0



