30
0.40



         20290423079
        108848307269
         54440404678
         66161965511
         42699783041
         38945952736
         44177746927
         73497990051
        138059364974
         61514519037
         46359454183
         31190344615
         39796281427
         72481580302
         86477281266
         36478374475
         61631675103
         33452982786
         97586013939
        201596968387
        525428371233
         97959528140
        208570246306
        119663634416
         52183564263
         98248587837
        114425198784
        171284908879
         97132503190
        110684748648



                   0               32308               29715               21302               11230                7792               13381               22736               25543                8935                8021                5699                8684                8998               11402                7600                8131                5211               11701               17457               33346                8767                7008                9051                6908                9818                9008                9117                6196                5726
              126211                   0              187993              124914               60137               34420               73280              142497              156736               45243               40086               24118               41594               42812               64288               31107               40455               18014               61799              103034              210575               33005               25931               45275               27964               50811               47457               44848               25131               27443
               48659               78331                   0               49054               24462               14490               29019               54269               60104               17876               16059               10204               16833               17538               24788               14365               16060                8084               24226               39606               80203               14327               11277               18060               12016               20190               18399               17735               10355               10698
               34956               55042               50519                   0               55393               31830               25117               39572               69080               41852               36114               19257               18840               19498               58641               28795               33095               14595               27061               43811              102765               26697               20860               35633               13446               22552               22539               25237               19426               21736
               14800               22074               20392               44841                   0               23133               12883               16755               39715               30267               25954               13787               11474               11840               42011               21094               23472               10655               16134               25161               61155               19329               15161               25075                8644               13472               13905               16542               14004               15455
               13809               20519               18969               41730               36885                   0               12072               15539               36743               28005               24087               12854               10740               11100               38851               19620               21757                9964               14997               23291               56993               18069               14135               23258                8100               12533               12897               15366               12977               14306
               21311               32592               30008               24645               14752                9685                   0               25428               28055               11490               11202                9755               22326               23036               15804                9280               14287                7975               32409               52779               95177               14055               11127               17041               15676               26844               23489               20434               10502               10519
               57181               92206               84303               58410               29159               17283               37188                   0               71249               21333               19637               12813               24716               25714               30288               15703               20616                9989               36316               60593              120026               17920               14133               23820               16993               30094               26932               24725               13276               13963
               99152              161103              147221              137032               87992               49664               61677              112257                   0               65364               57018               30819               38845               40184               93054               44378               53495               22738               57558               96421              214466               41902               32791               58775               26172               47438               45732               46904               31067               35013
               19304               29603               27192               62501               55309               31599               16605               21689               54458                   0               35481               18021               14503               15093               57891               28420               31393               13629               20600               33467               85144               24861               19427               33790               10391               17178               17595               21122               17683               20042
               12388               18310               16908               35324               30832               18199               11207               13821               31290               23268                   0               13937               10212               10582               32884               16597               22491               10704               14258               22384               67649               19373               15184               25685                7678               11926               13541               17486               14022               15536
                7099                9529                8868               12564                9798                6725                7495                7559               11677                7478                9672                   0                7462                7761               11516                6426               19514               10559               10214               15688               76136               19074               15005               25814                5834                8509               12606               19041               13831               15334
                9282               12732               11863               13577                9889                7065               17572               12217               13550                7875                8120                8414                   0               22433               10529                6912               11735                7003               31401               51557               91029               12233                9658               14600               15135               26097               22216               18636                8999                8796
               17513               26257               24204               27708               19887               12445               36865               25472               28079               15045               15911               16622               46897                   0               22031               11516               24493               12794               69955              117371              210627               22856               18167               30931               31203               57411               49397               40182               17899               18476
               23424               36510               33454               76209               67183               38060               20324               26710               66527               49721               43678               24028               17821               18624                   0               33863               41539               17817               25797               42690              121071               32811               25599               45945               12538               21491               23267               28995               23743               27212
                9023               12423               11520               25978               22764               13860                7915                9339               22077               16630               14651                7944                7150                7407               22870                   0               12852                6681                9591               14173               34137               11554                9149               14113                5882                7915                7822                9442                8044                8168
               12520               18158               16748               26502               21282               13068               12938               13957               24401               15731               19210               24873               12710               13256               24880               12074                   0               18440               18101               29305              141762               33406               26433               47495                9351               15057               22551               34112               24701               28054
                7334                9812                9159               12598                9882                6806                7730                7901               11984                7797                9832               13939                7711                8001               11814                6615               19612                   0               10518               15887               74886               19239               15169               25701                6107                8804               12889               19246               14075               15536
               21184               32317               29695               33391               23676               14692               45789               31318               33896               17724               19075               20184               58475               60349               26253               13526               29776               15352                   0              147252              263945               27577               21828               37891               38733               71834               61551               49786               21559               22401
               44669               71284               65219               72088               50745               29317              101227               69476               74422               37393               40799               43718              131298              134951               58102               26237               66186               31810              198129                   0              601390               58144               46122               84149               85220              162006              139785              111951               46935               50132
              157115              256953              234712              270216              194956              108476              187210              204054              279312              145800              163023              188592              201092              206540              233874               97461              286506              133637              304536              515338                   0              246757              197366              366388              129545              248230              378806              500470              204130              220372
               17753               25883               23900               35015               27668               17286               18869               20135               32900               20728               26580               37315               18823               19593               33552               16079               53845               27663               26638               42690              212989                   0               39797               71003               13803               22214               34203               51753               37476               42429
               45774               72789               66616               93204               72491               41420               50102               56581               90583               54029               74557              115580               51411               53007               94920               37420              168458               82401               76770              128731              684152              151190                   0              224039               34215               62906              105500              162104              115669              134438
               14415               21238               19618               27465               21409               13190               15515               16679               26257               16077               21654               32389               15633               16246               26798               12241               46543               23756               22403               36310              186386               43105               34318                   0               11299               18616               29518               45164               32477               37022
                7820               10304                9660               11020                8137                6147               13858                9933               11042                6868                6861                7015               16753               17401                8585                6210                9449                6029               24073               38853               68125               10411                8215               11643                   0               20030               17153               14684                7535                7174
               13504               19685               18200               20482               14720                9642               27458               19091               20821               11396               12035               12544               34638               35690               16160                9242               18217                9923               51147               85080              151054               17605               13982               22821               23437                   0               36182               29751               13588               13778
               13978               20665               19049               23054               16825               10700               24471               18577               22685               12497               14432               17184               29561               30641               18890                9952               24993               13068               43690               73061              177553               23501               18572               32460               20080               36071                   0               80593               20761               19026
               24988               38607               35429               45320               34057               20271               34928               32053               44612               25295               31870               43662               39512               40870               41510               18435               63707               31797               58500               97817              355575               57932               46146               83692               26641               48276              130814                   0               53009               50113
               14669               21668               19993               27974               21779               13383               15947               16943               26765               16323               21985               32805               16054               16716               27250               12415               47255               24092               23094               37630              192037               43675               34778               62828               11512               19219               31589               48438                   0               37571
               16138               24838               22781               32311               25084               14871               17617               19085               30706               18302               25409               38724               17786               18548               31762               13456               56099               28012               25867               43088              227681               51161               40720               74757               12290               21519               35176               54174               38748                   0



                   0               13101               16609               21212               33479               46748               19199               21944               22383               27035               32871               39019               24399               27088               31324               33896               38157               44650               31096               34044               37340               36297               37957               44190               37950               36963               39107               39939               41718               42850
               13101                   0               15472                9046               21510               36546               13874               11075                9571               13995               19803               25975               18067               17103               19170               21247               25207               31549               22923               24473               26594               24814               26307               31261               34677               29716               29395               29091               30483               31031
               16609               15472                   0               15843               24018               33002               28956               26128               22661               25166               29795               33067               33467               32197               32351               33187               35599               39586               38323               39489               40888               38511               39731               41336               49769               45163               44228               43212               44194               44002
               21212                9046               15843                   0               12497               27716               20301               13525                8258                9422               14018               18422               23055               18927               16983               17402               19832               24625               25692               25602               25985               23228               24274               25688               39956               32590               29860               28106               28804               28318
               33479               21510               24018               12497                   0               16637               30825               22445               16839               13582               12719               10697               32177               25879               20035               17897               16743               17073               32411               30561               28779               25282               25485               20770               48195               38673               33424               30059               29697               27784
               46748               36546               33002               27716               16637                   0               47278               39053               33389               30181               28290               22824               48811               42432               36052               33289               30519               26645               48835               46606               44142               40568               40379               32179               64750               54851               48877               44969               44086               41499
               19199               13874               28956               20301               30825               47278                   0                8828               14016               18203               22973               30677                5200               10121               17367               21061               26252               34215               12092               15686               19910               20066               21857               31502               20845               17772               20593               22452               24632               26666
               21944               11075               26128               13525               22445               39053                8828                   0                5747                9405               14227               21887                9839                6076                9746               13009               18018               25753               12424               13423               15681               14357               16014               23658               26530               19362               18320               18236               19850               20916
               22383                9571               22661                8258               16839               33389               14016                5747                   0                4934               10718               17783               15586               10682                9873               11676               15779               22651               17475               17402               18244               15895               17214               21806               32212               24349               21823               20550               21600               21750
               27035               13995               25166                9422               13582               30181               18203                9405                4934                   0                5852               12888               18782               12308                7819                8023               11254               17757               18934               17614               17033               14012               14929               17309               34614               25426               21268               18961               19473               18896
               32871               19803               29795               14018               12719               28290               22973               14227               10718                5852                   0                7741               22546               15146                7833                5179                5813               11933               20914               18330               16091               12571               12792               11737               37017               26604               20774               17346               17105               15568
               39019               25975               33067               18422               10697               22824               30677               21887               17783               12888                7741                   0               30249               22750               15027               11487                7744                6581               28120               24993               21761               18221               17777               10231               44196               33262               26475               22301               21283               18690
               24399               18067               33467               23055               32177               48811                5200                9839               15586               18782               22546               30249                   0                7711               15709               19552               24739               32855                7157               11256               15960               16849               18605               29382               16945               12575               15897               18366               20707               23150
               27088               17103               32197               18927               25879               42432               10121                6076               10682               12308               15146               22750                7711                   0                8003               11846               17027               25145                6818                7370               10292                9966               11754               21773               22321               13666               12343               12896               14849               16608
               31324               19170               32351               16983               20035               36052               17367                9746                9873                7819                7833               15027               15709                8003                   0                3843                9043               17151               13136               10567                9229                6245                7381               14147               29244               18800               13602               11159               11858               11891
               33896               21247               33187               17402               17897               33289               21061               13009               11676                8023                5179               11487               19552               11846                3843                   0                5220               13313               16668               13553               10931                7395                7668               10650               32716               21847               15637               12183               12089               10992
               38157               25207               35599               19832               16743               30519               26252               18018               15779               11254                5813                7744               24739               17027                9043                5220                   0                8119               21411               17810               14153               10683               10076                6056               37260               25956               18825               14563               13567               11172
               44650               31549               39586               24625               17073               26645               34215               25753               22651               17757               11933                6581               32855               25145               17151               13313                8119                   0               29351               25493               21289               18109               17065                5849               44976               33399               25695               21044               19388               16174
               31096               22923               38323               25692               32411               48835               12092               12424               17475               18934               20914               28120                7157                6818               13136               16668               21411               29351                   0                4635                9719               11661               13210               24989               16109                6938                8791               11823               14284               17158
               34044               24473               39489               25602               30561               46606               15686               13423               17402               17614               18330               24993               11256                7370               10567               13553               17810               25493                4635                   0                5094                7435                8811               20794               19488                8296                5068                7221                9662               12536
               37340               26594               40888               25985               28779               44142               19910               15681               18244               17033               16091               21761               15960               10292                9229               10931               14153               21289                9719                5094                   0                3574                4223               16197               23928               12150                4738                2603                4753                7441
               36297               24814               38511               23228               25282               40568               20066               14357               15895               14012               12571               18221               16849                9966                6245                7395               10683               18109               11661                7435                3574                   0                1791               13375               26877               15331                8312                4967                5708                6674
               37957               26307               39731               24274               25485               40379               21857               16014               17214               14929               12792               17777               18605               11754                7381                7668               10076               17065               13210                8811                4223                1791                   0               12043               28074               16357                8770                4608                4544                4925
               44190               31261               41336               25688               20770               32179               31502               23658               21806               17309               11737               10231               29382               21773               14147               10650                6056                5849               24989               20794               16197               13375               12043                   0               40113               28339               20345               15600               13753               10427
               37950               34677               49769               39956               48195               64750               20845               26530               32212               34614               37017               44196               16945               22321               29244               32716               37260               44976               16109               19488               23928               26877               28074               40113                   0               11911               20270               24971               27308               30749
               36963               29716               45163               32590               38673               54851               17772               19362               24349               25426               26604               33262               12575               13666               18800               21847               25956               33399                6938                8296               12150               15331               16357               28339               11911                   0                8372               13060               15404               18838
               39107               29395               44228               29860               33424               48877               20593               18320               21823               21268               20774               26475               15897               12343               13602               15637               18825               25695                8791                5068                4738                8312                8770               20345               20270                8372                   0                4782                7039               10500
               39939               29091               43212               28106               30059               44969               22452               18236               20550               18961               17346               22301               18366               12896               11159               12183               14563               21044               11823                7221                2603                4967                4608               15600               24971               13060                4782                   0                2493                5787
               41718               30483               44194               28804               29697               44086               24632               19850               21600               19473               17105               21283               20707               14849               11858               12089               13567               19388               14284                9662                4753                5708                4544               13753               27308               15404                7039                2493                   0                3494
               42850               31031               44002               28318               27784               41499               26666               20916               21750               18896               15568               18690               23150               16608               11891               10992               11172               16174               17158               12536                7441                6674                4925               10427               30749               18838               10500                5787                3494                   0



