40
0.60



         16348576357
         26031068056
        103784824553
         51636062345
         55479582134
         27554398063
         45237869492
         38322018639
         40954239045
         45230237378
         58954230235
        110728742458
         72462931941
         27670435785
         45310791244
         28741376828
         32292216515
         66451451759
         33893902648
         66676060107
         45053436108
         28421542473
         53972954588
         34096329289
         41795788273
        113909914746
        196548904119
        494597686075
        127962131962
        220803451139
         81534468567
        101286706121
         42889077294
         84093032646
         56824909358
         85368223871
        145912086897
         80067157636
        116734454132
         91310184803



                   0               15106               17146               18335               14390                4517                7026                5129                7210               14140                6332               14971                6325                3558                5033                3580                5060                4519                4629                4963                6027                3607                4843                3356                4318                7173               10721               22126                3807                5583                4479                5121                3767                5238                4613                4632                5171                3628                4228                3702
                9613                   0               30172               32362               24885                6488               11247                7650               11650               24654               10092               25469               10151                4782                7648                4802                7599                6675                6780                7503                9433                4883                6923                4480                6284               11511               17970               38960                4818                6959                6490                7788                5183                8021                6751                6963                7563                5093                6050                5332
               37109              114962                   0              144377              109286               22814               45663               28113               47669              108940               41403              110977               41985               15811               30038               16412               28856               25105               25103               29518               38339               16625               24690               14488               22939               47365               77014              175503               14166               20060               24112               29836               17631               31819               24987               27026               28394               17714               21687               19783
               15404               44944               52198                   0               42671                9852               18268               11917               19157               42394               16521               43451               16564                6891               12142                6968               11958               10248               10505               11906               15218                7059               10316                6212                9463               18602               30230               67518                6546                9251                9621               12162                7598               12831               10452               10792               11566                7364                8678                7897
               11580               32460               37542               40304                   0               16180               31198               19799               16213               30608               12881               40940               29091               11395               20137               10330               11681               10159               12659               20315               26027               11562               15378                9263                9367               18258               29148               72641                9325               13279               14951               18261                7557               12585               10257               11328               13753                8315               13534               12291
                4327                9264               10282               10964               21579                   0               21662               13998                6656                8584                4691               18171               20000                8219               13780                7082                5929                5283                7608               14009               18076                8199               10400                6417                5003                8740               13446               36232                6669                9533                9940               12113                4253                6225                5357                6019                8068                4888                9057                8175
                5985               14610               16592               17752               35487               18327                   0               22490               10208               13669                6881               29671               33273               12868               22546               11001                8970                7822               11828               23004               29703               12929               16403                9850                7311               13745               21730               60393                9875               14075               15976               19524                5981                9556                7929                9225               12512                7261               14426               13116
                5351               12254               13870               14793               29076               15186               29083                   0                8750               11544                6122               24380               27160               10868               18630                9376                7765                6846               10040               18965               24298               10900               13821                8456                6401               11709               18085               49401                8587               12264               13559               16181                5366                8266                6936                7980               10717                6403               12310               11142
                6941               17656               20173               21604               19030                6334               10907                7458                   0               16565                9449               18843                9785                4641                8851                6860               16713               14500               12101                7865                9171                5188               10075                6186               13305               26701               42946               85265                6506                9195                9573               11684               10531               18218               14578               14450               13700                9090                8684                7866
               11186               31509               36407               39100               29936                7342               13161                8772               13660                   0               11712               30507               11716                5175                8681                5223                8677                7473                7671                8518               10934                5313                7648                4771                7000               13210               21235               47091                5108                7335                7010                8881                5683                9158                7635                7798                8420                5506                6435                5763
               16298               48125               55890               60091               46591               10903               20611               13284               23933               45304                   0               47099               18584                7543               14165                8528               17169               14757               13901               13483               17078                7913               12840                7566               13507               27462               44900               97378                7854               11000               12110               15330               10637               18665               14917               15248               15515                9889               10891                9934
               26806               80834               94200              101298               90574               25719               50752               31773               35900               76311               29762                   0               47036               17727               32794               16768               23365               20239               22878               32710               42112               18137               25337               14869               18581               37676               61435              147883               14722               20804               24588               30714               14406               25492               20281               22292               25137               15174               22060               20170
                8089               21984               25164               27034               55654               27995               55839               34708               14884               20450                9463               45952                   0               19174               34767               16176               12887               11048               17497               35513               46323               19282               24552               14312               10168               20218               33100               95767               14040               19866               23832               29926                8027               13807               11207               13243               18274               10047               21301               19542
                3832                7756                8535                9084               17633                9673               17723               11642                5673                7152                3929               14987               16258                   0               11352                5992                5087                4489                6439               11526               14871                6879                8709                5406                4299                7220               11063               29111                5778                8242                8191               10017                3660                5203                4594                5028                6764                4115                7449                6732
                4711               10801               12040               12885               23827               12265               23354               14942                8139                9927                5269               20182               21415                8601                   0               10910                7394                6452                8677               15790               19356                9301               16400                9729                6076               11205               17785               67423                9784               13785               15789               19674                5007                7791                6561                8830               13257                7745               14217               12969
                3147                5720                6068                6433                8606                4564                7478                5284                5287                5102                3328                7881                6344                3377                9108                   0                5160                4569                4605                6477                6198                4708               14605                8655                4374                7445               11655               64694                8830               12316               13961               17425                3686                5301                4655                7597               12697                7563               12566               11456
                3381                6316                6844                7264                8046                4063                6294                4611               11365                5784                5182                7762                5439                3134                5587                5049                   0               11040                8952                4737                5294                3535                7226                4589               10188               20017               32084               61720                4989                7166                6690                8211                8190               13784               11176               10803               10083                6834                6139                5502
                6155               15282               17303               18527               20424                8133               14764                9751               30329               14192               12431               19134               13338                5874               13593               11714               34411                   0               23239               11177               12265                7170               17533               10494               27236               56595               92163              181791               10401               14628               17011               21172               20802               37938               29708               29552               26456               17314               15349               13942
                3439                6723                7187                7653               11565                5937               10426                7051                9530                5982                4639               10195                8986                4255                7397                5175               10315                8882                   0                6854                8569                4513                7603                4717                8211               15935               25874               53686                5075                7289                6903                8901                6627               10991                9041                8816                8822                5780                6308                5643
                6974               18391               20929               22479               44974               22604               44770               27952               12841               17031                8113               37311               41533               15476               29204               15168               11281                9668               14619                   0               37056               15918               23134               13439                8946               17563               28751               93329               13279               18646               22412               28094                7155               12071                9859               12376               17728                9965               20078               18394
                3989                8529                9369               10012               20367               10873               20551               13242                6067                7769                4122               16918               18529                7541               12756                6441                5382                4750                6965               12901                   0                7484                9523                5788                4549                7818               12301               34207                6108                8704                8844               11263                3827                5548                4844                5367                7253                4329                8025                7268
                3271                6401                6792                7227               14418                7896               14493                9517                4660                5634                3197               12077               12758                5482                9366                5452                4228                3774                5217                9148               11943                   0                8046                4913                3691                6027                9396               29785                5258                7533                7204                9538                3138                4240                3840                4389                6278                3758                6537                5895
                4748                9943               10869               11578               15456                7461               13045                8838                9112                9028                5511               13987               11430                5453               16685               17765                8880                7777                7816               11643               10854                7996                   0               15792                7310               13455               21449              123361               15538               21540               26139               32504                6034                9397                7908               13800               23454               13725               23461               21442
                3315                6250                6681                7090                9475                4899                8175                5706                5757                5603                3579                8654                6999                3627               10100               10763                5622                4941                4990                7129                6777                5097               16197                   0                4730                8215               12933               72436                9678               13458               15571               19402                3967                5814                5046                8397               14105                8351               13998               12777
                3812                8028                8808                9408               10514                4786                7969                5568               15342                7297                6445                9929                6805                3493                7016                6221               17307               14881               11822                5803                6570                4061                9141                5580                   0               27696               45281               88838                5921                8415                8432               10790               10721               18822               15036               14586               13278                8795                7651                6923
                8985               24011               27382               29413               32348               12263               23098               14911               48373               22285               19265               29988               20745                8508               21273               18069               55075               47690               36813               17224               19080               10601               27441               16032               43388                   0              148344              292461               15762               21883               26592               33402               33037               60910               47463               47180               42067               27349               23836               21812
               14312               41046               47435               50987               55654               20076               39187               24707               83692               38483               33003               51462               36009               13736               36644               30902               95412               82885               63645               29668               32406               17632               47082               27320               75278              158962                   0              511213               26249               36392               46389               57673               56873              106064               82100               82353               73040               47357               41463               38039
               47223              146606              171642              184621              208253               73656              150416               91939              135954              138933               73481              190551              141789               50497              148117              128089              132769              115704              105474              118401              125070               69377              195850              113106              105174              222436              361855                   0              105808              147340              195977              241234               78871              148007              114152              183885              255785              160412              175169              160701
                9556               25461               29134               31248               38995               16066               30774               19630               29172               23780               14616               35200               28261               11240               37811               38489               30170               26199               23511               27032               25556               17050               58615               34091               23979               49161               79772              354277                   0               44904               58106               71869               18515               33148               26146               78192              129582               87602               52008               47648
               17360               47969               55187               59243               79354               33414               65571               41140               43518               44910               24174               70430               60690               23137               86622               91334               42213               36727               36833               60210               54436               37998              139323               80750               33683               68734              111497              663334               76337                   0              138660              171085               25930               46294               36584               71204              121692               69815              124047              113710
                4424                9336               10104               10795               14653                7059               12465                8389                8536                8333                4934               13137               10647                4975               15729               16815                8318                7166                7278               10847               10209                7435               25571               14887                6804               12454               20217              118449               14776               20433                   0               31044                5549                8664                7359               12948               22168               12860               22056               20221
                4861               11084               12403               13259               17521                8070               14562                9674               10182               10265                5996               15804               13125                5812               19108               20352                9928                8647                8709               13317               12163                8854               30784               18052                8008               15384               24643              143328               17443               24147               30342                   0                6520               10627                8754               15822               26975               15735               27225               24903
                3136                5480                5851                6196                6892                3676                5508                4126                9617                4985                4574                6741                4698                2974                4874                4432               10756                9331                7636                4122                4666                3219                6261                4054                8654               16660               26610               50885                4472                6474                5733                7037                   0               11550                9462                9105                8591                5843                5331                4740
                4848               11253               12567               13451               14875                6267               10947                7420               21901               10360                9128               13986                9632                4594                9955                8600               24801               21488               16778                8156                9114                5431               12850                7713               19651               40383               65829              129559                7887               11065               12227               15320               15168                   0               21484               21174               19111               12560               11075               10044
                3355                6154                6622                7021                7797                3993                6115                4518               10968                5628                5102                7555                5271                3142                5446                4909               12299               10683                8659                4626                5182                3521                7042                4501                9842               19283               30840               59172                4882                7025                6547                7972                7922               13276                   0               10418                9772                6626                6031                5388
                4333                9657               10644               11386               13472                5938               10398                7047               14865                8787                6781               12466                8989                4336               10536                9994               16272               14035               11618                8093                8574                5486               15045                8918               12911               26030               42441              119994                8972               12569               14265               18189               10118               17658               14145                   0               43664               30375               12873               11696
                8022               20679               23542               25251               31078               12984               24414               15768               24832               19233               12112               28189               22227                9034               28952               29109               25949               22367               19861               20987               20255               13338               44203               25765               20486               41852               68148              283200               24807               34328               43663               53956               15947               28369               22494               70565                   0               80167               39090               35811
                4074                8919                9760               10446               13098                6000               10564                7131               10684                8035                5374               11954                9080                4304               11874               11951               11152                9567                8615                8658                8690                5889               18120               10619                8881               17365               28377              115771               10606               14728               17363               21957                7053               11896                9733               29698               49046                   0               15585               14245
                6976               17269               19504               20904               27690               12250               22843               14847               15817               15991                8913               24800               20725                8602               30412               32394               15397               13234               13366               20979               19014               13592               49227               28705               12211               24195               39246              232798               27447               37847               48742               60310                9763               16586               13447               25123               43092               24903                   0               39976
                4705               11209               12500               13410               17979                8148               15004                9833               10286               10206                5605               16031               13253                5560               19556               20861               10013                8530                8696               13458               12352                8836               31859               18445                7912               15346               25219              149969               17930               24672               31225               38876                6326               10590                8740               16136               27717               16003               27909                   0



                   0               19964               21206               17458               25761               32657               39966               50438               28597               30570               31342               29779               34415               37319               41041               47009               33046               35926               37439               39546               42250               43375               46902               52198               40659               40548               44221               46528               46075               46541               47228               53482               46697               45794               47802               48230               48119               51262               50669               52340
               19964                   0                8223               22420               13881               20706               28839               43819                9568               10762               12372               12867               17233               20795               24734               31919               13809               15966               17935               20734               23565               25597               29542               36087               21346               20588               24257               26693               26335               27023               28463               36046               30185               26697               28153               28267               28312               31387               31033               32973
               21206                8223                   0               16831                5978               13256               21399               35757               15710               12451               11405                8682               13248               16128               19910               26310               19022               18544               17688               18877               21418               22209               25696               31208               25727               22766               26049               27133               26402               26402               26349               32278               36600               31108               31454               29751               28574               31880               30627               31865
               17458               22420               16831                   0               17010               21156               26361               33739               31685               29279               27845               23974               27566               29039               31848               35756               35483               35368               33910               34123               36202               35705               38221               41495               42481               39513               42670               43241               42351               41954               40751               44284               52566               47883               48275               46218               44547               47875               46135               46809
               25761               13881                5978               17010                   0                7359               15449               29938               19747               14427               11825                7302               10557               12352               15674               21247               22219               20083               17342               17138               19197               18955               21900               26514               27934               23628               26405               26444               25485               24977               23813               28309               39988               33100               32624               29681               27675               30993               29140               29813
               32657               20706               13256               21156                7359                   0                8168               23636               24841               18136               14572               10026                9914                9249               11030               14791               26329               22629               18095               16140               17229               15498               17338               20424               30647               25093               27063               25814               24635               23509               20936               23167               43654               35335               33912               29619               26696               29840               27316               27212
               39966               28839               21399               26361               15449                8168                   0               16505               32271               25110               21334               17356               15511               12971               12035               10907               33177               28640               23201               20060               20013               16872               16758               16562               36410               30162               31341               28985               27684               26027               22139               20829               49825               40572               38406               33087               29452               32202               29123               28125
               50438               43819               35757               33739               29938               23636               16505                   0               48443               41482               37746               33528               32015               29374               27755               23287               49611               45143               39625               36257               35786               32186               30772               26946               52875               46513               47410               44574               43249               41355               36858               32307               66321               56898               54469               48725               44780               47164               43819               42161
               28597                9568               15710               31685               19747               24841               32271               48443                   0                7545               11281               14936               17520               21067               24580               32105                4449                8927               13688               17689               20345               23547               27604               34970               12068               13107               16745               20257               20311               21650               24584               33500               20960               17295               19253               20727               21911               24548               25090               27616
               30570               10762               12451               29279               14427               18136               25110               41482                7545                   0                3810                8130               10016               13527               17047               24577                8193                6094                7308               10728               13533               16339               20417               27635               13562               10454               13944               15964               15574               16301               18196               26578               25734               18840               19004               17851               17569               20691               20275               22289
               31342               12372               11405               27845               11825               14572               21334               37746               11281                3810                   0                4791                6239                9818               13473               20994               11866                8350                6304                8380               11200               13383               17416               24380               16343               11840               14832               15739               15054               15254               16128               23805               29096               21364               20813               18404               17207               20497               19440               20998
               29779               12867                8682               23974                7302               10026               17356               33528               14936                8130                4791                   0                4668                7996               11935               19052               16318               13134               10052               10350               12778               13601               17251               23342               21135               16395               19104               19272               18378               18081               17680               23848               33796               26132               25402               22401               20574               23902               22299               23317
               34415               17233               13248               27566               10557                9914               15511               32015               17520               10016                6239                4668                   0                3672                7543               14949               17798               13157                8187                6701                8641                8963               12584               18854               21044               15210               17176               16314               15239               14511               13351               19180               34352               25527               23998               19915               17395               20671               18626               19263
               37319               20795               16128               29039               12352                9249               12971               29374               21067               13527                9818                7996                3672                   0                3943               11277               21034               15921               10251                7244                7987                6665                9635               15346               23509               17191               18518               16727               15504               14276               11871               16175               36999               27601               25549               20665               17513               20614               18072               18105
               41041               24734               19910               31848               15674               11030               12035               27755               24580               17047               13473               11935                7543                3943                   0                7530               24128               18594               12566                8691                8058                4911                6374               11412               25699               19034               19661               16984               15674               13993               10362               12637               39253               29297               26715               21110               17416               20198               17217               16576
               47009               31919               26310               35756               21247               14791               10907               23287               32105               24577               20994               19052               14949               11277                7530                   0               31513               25788               19684               15542               13989               10016                7587                5807               32431               25605               25531               21991               20681               18595               13791                9995               45907               35493               32374               26095               21929               24039               20623               18874
               33046               13809               19022               35483               22219               26329               33177               49611                4449                8193               11866               16318               17798               21034               24128               31513                   0                6172               12041               16269               18626               22230               26159               33690                7624                9461               12904               16850               17115               18737               22306               31586               17775               12903               14826               16770               18468               20834               21781               24523
               35926               15966               18544               35368               20083               22629               28640               45143                8927                6094                8350               13134               13157               15921               18594               25788                6172                   0                6107               10314               12519               16231               20086               27639                8033                4621                8305               11360               11383               12782               16143               25416               21195               13025               12910               12332               13019               15790               16164               18708
               37439               17935               17688               33910               17342               18095               23201               39625               13688                7308                6304               10052                8187               10251               12566               19684               12041                6107                   0                4232                6683               10189               14135               21651               13273                7044                9150                9445                8754                9117               10997               19822               26800               17428               15828               12352               10903               14195               13231               15038
               39546               20734               18877               34123               17138               16140               20060               36257               17689               10728                8380               10350                6701                7244                8691               15542               16269               10314                4232                   0                2840                5963                9951               17436               17028               10346               11296                9696                8569                7840                7750               15874               30577               20658               18351               13492               10705               13970               12012               12990
               42250               23565               21418               36202               19197               17229               20013               35786               20345               13533               11200               12778                8641                7987                8058               13989               18626               12519                6683                2840                   0                3978                7579               15138               18492               11641               11709                8979                7691                6292                4979               13155               31925               21556               18720               13074                9589               12632               10151               10624
               43375               25597               22209               35705               18955               15498               16872               32186               23547               16339               13383               13601                8963                6665                4911               10016               22230               16231               10189                5963                3978                   0                4077               11477               22463               15617               15575               12388               11063                9219                5496               10448               35903               25492               22514               16540               12657               15329               12306               11762
               46902               29542               25696               38221               21900               17338               16758               30772               27604               20417               17416               17251               12584                9635                6374                7587               26159               20086               14135                9951                7579                4077                   0                7559               25856               19005               18396               14558               13271               11115                6215                6597               39112               28418               25047               18608               14387               16454               13057               11519
               52198               36087               31208               41495               26514               20424               16562               26946               34970               27635               24380               23342               18854               15346               11412                5807               33690               27639               21651               17436               15138               11477                7559                   0               33304               26477               25579               21402               20196               17953               12933                5404               46417               35568               31924               25231               20904               22299               18793               16366
               40659               21346               25727               42481               27934               30647               36410               52875               12068               13562               16343               21135               21044               23509               25699               32431                7624                8033               13273               17028               18492               22463               25856               33304                   0                6859                8430               13094               13900               16027               20659               30094               13554                5416                7446               11309               14418               15815               17795               20882
               40548               20588               22766               39513               23628               25093               30162               46513               13107               10454               11840               16395               15210               17191               19034               25605                9461                4621                7044               10346               11641               15617               19005               26477                6859                   0                3704                7411                7809                9683               13984               23456               20307               10411                9006                7737                9012               11450               12354               15193
               44221               24257               26049               42670               26405               27063               31341               47410               16745               13944               14832               19104               17176               18518               19661               25531               12904                8305                9150               11296               11709               15575               18396               25579                8430                3704                   0                4668                5569                7784               12679               21946               20861               10022                7069                4033                6017                7944                9417               12468
               46528               26693               27133               43241               26444               25814               28985               44574               20257               15964               15739               19272               16314               16727               16984               21991               16850               11360                9445                9696                8979               12388               14558               21402               13094                7411                4668                   0                1325                3464                8494               17463               25287               14267               10534                4152                1658                4771                4943                7867
               46075               26335               26402               42351               25485               24635               27684               43249               20311               15574               15054               18378               15239               15504               15674               20681               17115               11383                8754                8569                7691               11063               13271               20196               13900                7809                5569                1325                   0                2250                7265               16390               26370               15401               11787                5477                2195                5524                4798                7409
               46541               27023               26402               41954               24977               23509               26027               41355               21650               16301               15254               18081               14511               14276               13993               18595               18737               12782                9117                7840                6292                9219               11115               17953               16027                9683                7784                3464                2250                   0                5032               14161               28614               17652               13998                7502                3438                6340                4227                6023
               47228               28463               26349               40751               23813               20936               22139               36858               24584               18196               16128               17680               13351               11871               10362               13791               22306               16143               10997                7750                4979                5496                6215               12933               20659               13984               12679                8494                7265                5032                   0                9472               33540               22640               19028               12452                8187               10305                7021                6278
               53482               36046               32278               44284               28309               23167               20829               32307               33500               26578               23805               23848               19180               16175               12637                9995               31586               25416               19822               15874               13155               10448                6597                5404               30094               23456               21946               17463               16390               14161                9472                   0               42747               31725               27788               20971               16679               17584               14134               11411
               46697               30185               36600               52566               39988               43654               49825               66321               20960               25734               29096               33796               34352               36999               39253               45907               17775               21195               26800               30577               31925               35903               39112               46417               13554               20307               20861               25287               26370               28614               33540               42747                   0               11083               15429               22126               26206               26365               29253               32389
               45794               26697               31108               47883               33100               35335               40572               56898               17295               18840               21364               26132               25527               27601               29297               35493               12903               13025               17428               20658               21556               25492               28418               35568                5416               10411               10022               14267               15401               17652               22640               31725               11083                   0                4568               11055               15129               15376               18177               21318
               47802               28153               31454               48275               32624               33912               38406               54469               19253               19004               20813               25402               23998               25549               26715               32374               14826               12910               15828               18351               18720               22514               25047               31924                7446                9006                7069               10534               11787               13998               19028               27788               15429                4568                   0                6836               11110               10937               13927               17031
               48230               28267               29751               46218               29681               29619               33087               48725               20727               17851               18404               22401               19915               20665               21110               26095               16770               12332               12352               13492               13074               16540               18608               25231               11309                7737                4033                4152                5477                7502               12452               20971               22126               11055                6836                   0                4329                4531                7128               10263
               48119               28312               28574               44547               27675               26696               29452               44780               21911               17569               17207               20574               17395               17513               17416               21929               18468               13019               10903               10705                9589               12657               14387               20904               14418                9012                6017                1658                2195                3438                8187               16679               26206               15129               11110                4329                   0                3328                3405                6464
               51262               31387               31880               47875               30993               29840               32202               47164               24548               20691               20497               23902               20671               20614               20198               24039               20834               15790               14195               13970               12632               15329               16454               22299               15815               11450                7944                4771                5524                6340               10305               17584               26365               15376               10937                4531                3328                   0                3507                6289
               50669               31033               30627               46135               29140               27316               29123               43819               25090               20275               19440               22299               18626               18072               17217               20623               21781               16164               13231               12012               10151               12306               13057               18793               17795               12354                9417                4943                4798                4227                7021               14134               29253               18177               13927                7128                3405                3507                   0                3150
               52340               32973               31865               46809               29813               27212               28125               42161               27616               22289               20998               23317               19263               18105               16576               18874               24523               18708               15038               12990               10624               11762               11519               16366               20882               15193               12468                7867                7409                6023                6278               11411               32389               21318               17031               10263                6464                6289                3150                   0



